{
    "frame0": {
        "cam01": "[0.866025 -0.5 0 0] [0.5 0.866025 -0 0] [0 0 1 0] [12960.2 1250 -570 1] ",
        "cam02": "[0.965926 -0.258819 0 0] [0.258819 0.965926 -0 0] [0 0 1 0] [12930.2 1177.65 -570 1] ",
        "cam03": "[1 0 0 0] [-0 1 0 0] [0 -0 1 0] [12920 1100 -570 1] ",
        "cam04": "[0.965926 0.258819 0 0] [-0.258819 0.965926 0 0] [0 -0 1 0] [12930.2 1022.35 -570 1] ",
        "cam05": "[0.866025 0.5 0 0] [-0.5 0.866025 0 0] [0 -0 1 0] [12960.2 950 -570 1] ",
        "cam06": "[0.984808 0 -0.173648 0] [-0 1 0 0] [0.173648 0 0.984808 0] [12920 1100 -517.102 1] ",
        "cam07": "[0.939693 0 -0.34202 0] [-0 1 0 0] [0.34202 0 0.939693 0] [12920 1100 -460.809 1] ",
        "cam08": "[0.866025 0 -0.5 0] [-0 1 0 0] [0.5 0 0.866025 0] [12920 1100 -396.795 1] ",
        "cam09": "[1 0 0 0] [-0 1 0 0] [0 -0 1 0] [12820 1100 -570 1] ",
        "cam10": "[1 0 0 0] [-0 1 0 0] [0 -0 1 0] [12720 1100 -570 1] "
    },
    "frame1": {
        "cam01": "[0.866025 -0.5 0 0] [0.5 0.866025 -0 0] [0 0 1 0] [12960.2 1250 -570 1] ",
        "cam02": "[0.965926 -0.258819 0 0] [0.258819 0.965926 -0 0] [0 0 1 0] [12930.2 1177.65 -570 1] ",
        "cam03": "[1 0 0 0] [-0 1 0 0] [0 -0 1 0] [12920 1100 -570 1] ",
        "cam04": "[0.965926 0.258819 0 0] [-0.258819 0.965926 0 0] [0 -0 1 0] [12930.2 1022.35 -570 1] ",
        "cam05": "[0.866025 0.5 0 0] [-0.5 0.866025 0 0] [0 -0 1 0] [12960.2 950 -570 1] ",
        "cam06": "[0.984808 0 -0.173648 0] [-0 1 0 0] [0.173648 0 0.984808 0] [12920 1100 -517.102 1] ",
        "cam07": "[0.939693 0 -0.34202 0] [-0 1 0 0] [0.34202 0 0.939693 0] [12920 1100 -460.809 1] ",
        "cam08": "[0.866025 0 -0.5 0] [-0 1 0 0] [0.5 0 0.866025 0] [12920 1100 -396.795 1] ",
        "cam09": "[1 0 0 0] [-0 1 0 0] [0 -0 1 0] [12820 1100 -570 1] ",
        "cam10": "[1 0 0 0] [-0 1 0 0] [0 -0 1 0] [12720 1100 -570 1] "
    },
    "frame2": {
        "cam01": "[0.866025 -0.5 0 0] [0.5 0.866025 -0 0] [0 0 1 0] [12960.2 1250 -570 1] ",
        "cam02": "[0.965926 -0.258819 0 0] [0.258819 0.965926 -0 0] [0 0 1 0] [12930.2 1177.65 -570 1] ",
        "cam03": "[1 0 0 0] [-0 1 0 0] [0 -0 1 0] [12920 1100 -570 1] ",
        "cam04": "[0.965926 0.258819 0 0] [-0.258819 0.965926 0 0] [0 -0 1 0] [12930.2 1022.35 -570 1] ",
        "cam05": "[0.866025 0.5 0 0] [-0.5 0.866025 0 0] [0 -0 1 0] [12960.2 950 -570 1] ",
        "cam06": "[0.984808 0 -0.173648 0] [-0 1 0 0] [0.173648 0 0.984808 0] [12920 1100 -517.102 1] ",
        "cam07": "[0.939693 0 -0.34202 0] [-0 1 0 0] [0.34202 0 0.939693 0] [12920 1100 -460.809 1] ",
        "cam08": "[0.866025 0 -0.5 0] [-0 1 0 0] [0.5 0 0.866025 0] [12920 1100 -396.795 1] ",
        "cam09": "[1 0 0 0] [-0 1 0 0] [0 -0 1 0] [12820 1100 -570 1] ",
        "cam10": "[1 0 0 0] [-0 1 0 0] [0 -0 1 0] [12720 1100 -570 1] "
    },
    "frame3": {
        "cam01": "[0.866025 -0.5 0 0] [0.5 0.866025 -0 0] [0 0 1 0] [12960.2 1250 -570 1] ",
        "cam02": "[0.965926 -0.258819 0 0] [0.258819 0.965926 -0 0] [0 0 1 0] [12930.2 1177.65 -570 1] ",
        "cam03": "[1 0 0 0] [-0 1 0 0] [0 -0 1 0] [12920 1100 -570 1] ",
        "cam04": "[0.965926 0.258819 0 0] [-0.258819 0.965926 0 0] [0 -0 1 0] [12930.2 1022.35 -570 1] ",
        "cam05": "[0.866025 0.5 0 0] [-0.5 0.866025 0 0] [0 -0 1 0] [12960.2 950 -570 1] ",
        "cam06": "[0.984808 0 -0.173648 0] [-0 1 0 0] [0.173648 0 0.984808 0] [12920 1100 -517.102 1] ",
        "cam07": "[0.939693 0 -0.34202 0] [-0 1 0 0] [0.34202 0 0.939693 0] [12920 1100 -460.809 1] ",
        "cam08": "[0.866025 0 -0.5 0] [-0 1 0 0] [0.5 0 0.866025 0] [12920 1100 -396.795 1] ",
        "cam09": "[1 0 0 0] [-0 1 0 0] [0 -0 1 0] [12820 1100 -570 1] ",
        "cam10": "[1 0 0 0] [-0 1 0 0] [0 -0 1 0] [12720 1100 -570 1] "
    },
    "frame4": {
        "cam01": "[0.866025 -0.5 0 0] [0.5 0.866025 -0 0] [0 0 1 0] [12960.2 1250 -570 1] ",
        "cam02": "[0.965926 -0.258819 0 0] [0.258819 0.965926 -0 0] [0 0 1 0] [12930.2 1177.65 -570 1] ",
        "cam03": "[1 0 0 0] [-0 1 0 0] [0 -0 1 0] [12920 1100 -570 1] ",
        "cam04": "[0.965926 0.258819 0 0] [-0.258819 0.965926 0 0] [0 -0 1 0] [12930.2 1022.35 -570 1] ",
        "cam05": "[0.866025 0.5 0 0] [-0.5 0.866025 0 0] [0 -0 1 0] [12960.2 950 -570 1] ",
        "cam06": "[0.984808 0 -0.173648 0] [-0 1 0 0] [0.173648 0 0.984808 0] [12920 1100 -517.102 1] ",
        "cam07": "[0.939693 0 -0.34202 0] [-0 1 0 0] [0.34202 0 0.939693 0] [12920 1100 -460.809 1] ",
        "cam08": "[0.866025 0 -0.5 0] [-0 1 0 0] [0.5 0 0.866025 0] [12920 1100 -396.795 1] ",
        "cam09": "[1 0 0 0] [-0 1 0 0] [0 -0 1 0] [12820 1100 -570 1] ",
        "cam10": "[1 0 0 0] [-0 1 0 0] [0 -0 1 0] [12720 1100 -570 1] "
    },
    "frame5": {
        "cam01": "[0.866025 -0.5 0 0] [0.5 0.866025 -0 0] [0 0 1 0] [12960.2 1250 -570 1] ",
        "cam02": "[0.965926 -0.258819 0 0] [0.258819 0.965926 -0 0] [0 0 1 0] [12930.2 1177.65 -570 1] ",
        "cam03": "[1 0 0 0] [-0 1 0 0] [0 -0 1 0] [12920 1100 -570 1] ",
        "cam04": "[0.965926 0.258819 0 0] [-0.258819 0.965926 0 0] [0 -0 1 0] [12930.2 1022.35 -570 1] ",
        "cam05": "[0.866025 0.5 0 0] [-0.5 0.866025 0 0] [0 -0 1 0] [12960.2 950 -570 1] ",
        "cam06": "[0.984808 0 -0.173648 0] [-0 1 0 0] [0.173648 0 0.984808 0] [12920 1100 -517.102 1] ",
        "cam07": "[0.939693 0 -0.34202 0] [-0 1 0 0] [0.34202 0 0.939693 0] [12920 1100 -460.809 1] ",
        "cam08": "[0.866025 0 -0.5 0] [-0 1 0 0] [0.5 0 0.866025 0] [12920 1100 -396.795 1] ",
        "cam09": "[1 0 0 0] [-0 1 0 0] [0 -0 1 0] [12820 1100 -570 1] ",
        "cam10": "[1 0 0 0] [-0 1 0 0] [0 -0 1 0] [12720 1100 -570 1] "
    },
    "frame6": {
        "cam01": "[0.866025 -0.5 0 0] [0.5 0.866025 -0 0] [0 0 1 0] [12960.2 1250 -570 1] ",
        "cam02": "[0.965926 -0.258819 0 0] [0.258819 0.965926 -0 0] [0 0 1 0] [12930.2 1177.65 -570 1] ",
        "cam03": "[1 0 0 0] [-0 1 0 0] [0 -0 1 0] [12920 1100 -570 1] ",
        "cam04": "[0.965926 0.258819 0 0] [-0.258819 0.965926 0 0] [0 -0 1 0] [12930.2 1022.35 -570 1] ",
        "cam05": "[0.866025 0.5 0 0] [-0.5 0.866025 0 0] [0 -0 1 0] [12960.2 950 -570 1] ",
        "cam06": "[0.984808 0 -0.173648 0] [-0 1 0 0] [0.173648 0 0.984808 0] [12920 1100 -517.102 1] ",
        "cam07": "[0.939693 0 -0.34202 0] [-0 1 0 0] [0.34202 0 0.939693 0] [12920 1100 -460.809 1] ",
        "cam08": "[0.866025 0 -0.5 0] [-0 1 0 0] [0.5 0 0.866025 0] [12920 1100 -396.795 1] ",
        "cam09": "[1 0 0 0] [-0 1 0 0] [0 -0 1 0] [12820 1100 -570 1] ",
        "cam10": "[1 0 0 0] [-0 1 0 0] [0 -0 1 0] [12720 1100 -570 1] "
    },
    "frame7": {
        "cam01": "[0.866025 -0.5 0 0] [0.5 0.866025 -0 0] [0 0 1 0] [12960.2 1250 -570 1] ",
        "cam02": "[0.965926 -0.258819 0 0] [0.258819 0.965926 -0 0] [0 0 1 0] [12930.2 1177.65 -570 1] ",
        "cam03": "[1 0 0 0] [-0 1 0 0] [0 -0 1 0] [12920 1100 -570 1] ",
        "cam04": "[0.965926 0.258819 0 0] [-0.258819 0.965926 0 0] [0 -0 1 0] [12930.2 1022.35 -570 1] ",
        "cam05": "[0.866025 0.5 0 0] [-0.5 0.866025 0 0] [0 -0 1 0] [12960.2 950 -570 1] ",
        "cam06": "[0.984808 0 -0.173648 0] [-0 1 0 0] [0.173648 0 0.984808 0] [12920 1100 -517.102 1] ",
        "cam07": "[0.939693 0 -0.34202 0] [-0 1 0 0] [0.34202 0 0.939693 0] [12920 1100 -460.809 1] ",
        "cam08": "[0.866025 0 -0.5 0] [-0 1 0 0] [0.5 0 0.866025 0] [12920 1100 -396.795 1] ",
        "cam09": "[1 0 0 0] [-0 1 0 0] [0 -0 1 0] [12820 1100 -570 1] ",
        "cam10": "[1 0 0 0] [-0 1 0 0] [0 -0 1 0] [12720 1100 -570 1] "
    },
    "frame8": {
        "cam01": "[0.866025 -0.5 0 0] [0.5 0.866025 -0 0] [0 0 1 0] [12960.2 1250 -570 1] ",
        "cam02": "[0.965926 -0.258819 0 0] [0.258819 0.965926 -0 0] [0 0 1 0] [12930.2 1177.65 -570 1] ",
        "cam03": "[1 0 0 0] [-0 1 0 0] [0 -0 1 0] [12920 1100 -570 1] ",
        "cam04": "[0.965926 0.258819 0 0] [-0.258819 0.965926 0 0] [0 -0 1 0] [12930.2 1022.35 -570 1] ",
        "cam05": "[0.866025 0.5 0 0] [-0.5 0.866025 0 0] [0 -0 1 0] [12960.2 950 -570 1] ",
        "cam06": "[0.984808 0 -0.173648 0] [-0 1 0 0] [0.173648 0 0.984808 0] [12920 1100 -517.102 1] ",
        "cam07": "[0.939693 0 -0.34202 0] [-0 1 0 0] [0.34202 0 0.939693 0] [12920 1100 -460.809 1] ",
        "cam08": "[0.866025 0 -0.5 0] [-0 1 0 0] [0.5 0 0.866025 0] [12920 1100 -396.795 1] ",
        "cam09": "[1 0 0 0] [-0 1 0 0] [0 -0 1 0] [12820 1100 -570 1] ",
        "cam10": "[1 0 0 0] [-0 1 0 0] [0 -0 1 0] [12720 1100 -570 1] "
    },
    "frame9": {
        "cam01": "[0.866025 -0.5 0 0] [0.5 0.866025 -0 0] [0 0 1 0] [12960.2 1250 -570 1] ",
        "cam02": "[0.965926 -0.258819 0 0] [0.258819 0.965926 -0 0] [0 0 1 0] [12930.2 1177.65 -570 1] ",
        "cam03": "[1 0 0 0] [-0 1 0 0] [0 -0 1 0] [12920 1100 -570 1] ",
        "cam04": "[0.965926 0.258819 0 0] [-0.258819 0.965926 0 0] [0 -0 1 0] [12930.2 1022.35 -570 1] ",
        "cam05": "[0.866025 0.5 0 0] [-0.5 0.866025 0 0] [0 -0 1 0] [12960.2 950 -570 1] ",
        "cam06": "[0.984808 0 -0.173648 0] [-0 1 0 0] [0.173648 0 0.984808 0] [12920 1100 -517.102 1] ",
        "cam07": "[0.939693 0 -0.34202 0] [-0 1 0 0] [0.34202 0 0.939693 0] [12920 1100 -460.809 1] ",
        "cam08": "[0.866025 0 -0.5 0] [-0 1 0 0] [0.5 0 0.866025 0] [12920 1100 -396.795 1] ",
        "cam09": "[1 0 0 0] [-0 1 0 0] [0 -0 1 0] [12820 1100 -570 1] ",
        "cam10": "[1 0 0 0] [-0 1 0 0] [0 -0 1 0] [12720 1100 -570 1] "
    },
    "frame10": {
        "cam01": "[0.866025 -0.5 0 0] [0.5 0.866025 -0 0] [0 0 1 0] [12960.2 1250 -570 1] ",
        "cam02": "[0.965926 -0.258819 0 0] [0.258819 0.965926 -0 0] [0 0 1 0] [12930.2 1177.65 -570 1] ",
        "cam03": "[1 0 0 0] [-0 1 0 0] [0 -0 1 0] [12920 1100 -570 1] ",
        "cam04": "[0.965926 0.258819 0 0] [-0.258819 0.965926 0 0] [0 -0 1 0] [12930.2 1022.35 -570 1] ",
        "cam05": "[0.866025 0.5 0 0] [-0.5 0.866025 0 0] [0 -0 1 0] [12960.2 950 -570 1] ",
        "cam06": "[0.984808 0 -0.173648 0] [-0 1 0 0] [0.173648 0 0.984808 0] [12920 1100 -517.102 1] ",
        "cam07": "[0.939693 0 -0.34202 0] [-0 1 0 0] [0.34202 0 0.939693 0] [12920 1100 -460.809 1] ",
        "cam08": "[0.866025 0 -0.5 0] [-0 1 0 0] [0.5 0 0.866025 0] [12920 1100 -396.795 1] ",
        "cam09": "[1 0 0 0] [-0 1 0 0] [0 -0 1 0] [12820 1100 -570 1] ",
        "cam10": "[1 0 0 0] [-0 1 0 0] [0 -0 1 0] [12720 1100 -570 1] "
    },
    "frame11": {
        "cam01": "[0.866025 -0.5 0 0] [0.5 0.866025 -0 0] [0 0 1 0] [12960.2 1250 -570 1] ",
        "cam02": "[0.965926 -0.258819 0 0] [0.258819 0.965926 -0 0] [0 0 1 0] [12930.2 1177.65 -570 1] ",
        "cam03": "[1 0 0 0] [-0 1 0 0] [0 -0 1 0] [12920 1100 -570 1] ",
        "cam04": "[0.965926 0.258819 0 0] [-0.258819 0.965926 0 0] [0 -0 1 0] [12930.2 1022.35 -570 1] ",
        "cam05": "[0.866025 0.5 0 0] [-0.5 0.866025 0 0] [0 -0 1 0] [12960.2 950 -570 1] ",
        "cam06": "[0.984808 0 -0.173648 0] [-0 1 0 0] [0.173648 0 0.984808 0] [12920 1100 -517.102 1] ",
        "cam07": "[0.939693 0 -0.34202 0] [-0 1 0 0] [0.34202 0 0.939693 0] [12920 1100 -460.809 1] ",
        "cam08": "[0.866025 0 -0.5 0] [-0 1 0 0] [0.5 0 0.866025 0] [12920 1100 -396.795 1] ",
        "cam09": "[1 0 0 0] [-0 1 0 0] [0 -0 1 0] [12820 1100 -570 1] ",
        "cam10": "[1 0 0 0] [-0 1 0 0] [0 -0 1 0] [12720 1100 -570 1] "
    },
    "frame12": {
        "cam01": "[0.866025 -0.5 0 0] [0.5 0.866025 -0 0] [0 0 1 0] [12960.2 1250 -570 1] ",
        "cam02": "[0.965926 -0.258819 0 0] [0.258819 0.965926 -0 0] [0 0 1 0] [12930.2 1177.65 -570 1] ",
        "cam03": "[1 0 0 0] [-0 1 0 0] [0 -0 1 0] [12920 1100 -570 1] ",
        "cam04": "[0.965926 0.258819 0 0] [-0.258819 0.965926 0 0] [0 -0 1 0] [12930.2 1022.35 -570 1] ",
        "cam05": "[0.866025 0.5 0 0] [-0.5 0.866025 0 0] [0 -0 1 0] [12960.2 950 -570 1] ",
        "cam06": "[0.984808 0 -0.173648 0] [-0 1 0 0] [0.173648 0 0.984808 0] [12920 1100 -517.102 1] ",
        "cam07": "[0.939693 0 -0.34202 0] [-0 1 0 0] [0.34202 0 0.939693 0] [12920 1100 -460.809 1] ",
        "cam08": "[0.866025 0 -0.5 0] [-0 1 0 0] [0.5 0 0.866025 0] [12920 1100 -396.795 1] ",
        "cam09": "[1 0 0 0] [-0 1 0 0] [0 -0 1 0] [12820 1100 -570 1] ",
        "cam10": "[1 0 0 0] [-0 1 0 0] [0 -0 1 0] [12720 1100 -570 1] "
    },
    "frame13": {
        "cam01": "[0.866025 -0.5 0 0] [0.5 0.866025 -0 0] [0 0 1 0] [12960.2 1250 -570 1] ",
        "cam02": "[0.965926 -0.258819 0 0] [0.258819 0.965926 -0 0] [0 0 1 0] [12930.2 1177.65 -570 1] ",
        "cam03": "[1 0 0 0] [-0 1 0 0] [0 -0 1 0] [12920 1100 -570 1] ",
        "cam04": "[0.965926 0.258819 0 0] [-0.258819 0.965926 0 0] [0 -0 1 0] [12930.2 1022.35 -570 1] ",
        "cam05": "[0.866025 0.5 0 0] [-0.5 0.866025 0 0] [0 -0 1 0] [12960.2 950 -570 1] ",
        "cam06": "[0.984808 0 -0.173648 0] [-0 1 0 0] [0.173648 0 0.984808 0] [12920 1100 -517.102 1] ",
        "cam07": "[0.939693 0 -0.34202 0] [-0 1 0 0] [0.34202 0 0.939693 0] [12920 1100 -460.809 1] ",
        "cam08": "[0.866025 0 -0.5 0] [-0 1 0 0] [0.5 0 0.866025 0] [12920 1100 -396.795 1] ",
        "cam09": "[1 0 0 0] [-0 1 0 0] [0 -0 1 0] [12820 1100 -570 1] ",
        "cam10": "[1 0 0 0] [-0 1 0 0] [0 -0 1 0] [12720 1100 -570 1] "
    },
    "frame14": {
        "cam01": "[0.866025 -0.5 0 0] [0.5 0.866025 -0 0] [0 0 1 0] [12960.2 1250 -570 1] ",
        "cam02": "[0.965926 -0.258819 0 0] [0.258819 0.965926 -0 0] [0 0 1 0] [12930.2 1177.65 -570 1] ",
        "cam03": "[1 0 0 0] [-0 1 0 0] [0 -0 1 0] [12920 1100 -570 1] ",
        "cam04": "[0.965926 0.258819 0 0] [-0.258819 0.965926 0 0] [0 -0 1 0] [12930.2 1022.35 -570 1] ",
        "cam05": "[0.866025 0.5 0 0] [-0.5 0.866025 0 0] [0 -0 1 0] [12960.2 950 -570 1] ",
        "cam06": "[0.984808 0 -0.173648 0] [-0 1 0 0] [0.173648 0 0.984808 0] [12920 1100 -517.102 1] ",
        "cam07": "[0.939693 0 -0.34202 0] [-0 1 0 0] [0.34202 0 0.939693 0] [12920 1100 -460.809 1] ",
        "cam08": "[0.866025 0 -0.5 0] [-0 1 0 0] [0.5 0 0.866025 0] [12920 1100 -396.795 1] ",
        "cam09": "[1 0 0 0] [-0 1 0 0] [0 -0 1 0] [12820 1100 -570 1] ",
        "cam10": "[1 0 0 0] [-0 1 0 0] [0 -0 1 0] [12720 1100 -570 1] "
    },
    "frame15": {
        "cam01": "[0.866025 -0.5 0 0] [0.5 0.866025 -0 0] [0 0 1 0] [12960.2 1250 -570 1] ",
        "cam02": "[0.965926 -0.258819 0 0] [0.258819 0.965926 -0 0] [0 0 1 0] [12930.2 1177.65 -570 1] ",
        "cam03": "[1 0 0 0] [-0 1 0 0] [0 -0 1 0] [12920 1100 -570 1] ",
        "cam04": "[0.965926 0.258819 0 0] [-0.258819 0.965926 0 0] [0 -0 1 0] [12930.2 1022.35 -570 1] ",
        "cam05": "[0.866025 0.5 0 0] [-0.5 0.866025 0 0] [0 -0 1 0] [12960.2 950 -570 1] ",
        "cam06": "[0.984808 0 -0.173648 0] [-0 1 0 0] [0.173648 0 0.984808 0] [12920 1100 -517.102 1] ",
        "cam07": "[0.939693 0 -0.34202 0] [-0 1 0 0] [0.34202 0 0.939693 0] [12920 1100 -460.809 1] ",
        "cam08": "[0.866025 0 -0.5 0] [-0 1 0 0] [0.5 0 0.866025 0] [12920 1100 -396.795 1] ",
        "cam09": "[1 0 0 0] [-0 1 0 0] [0 -0 1 0] [12820 1100 -570 1] ",
        "cam10": "[1 0 0 0] [-0 1 0 0] [0 -0 1 0] [12720 1100 -570 1] "
    },
    "frame16": {
        "cam01": "[0.866025 -0.5 0 0] [0.5 0.866025 -0 0] [0 0 1 0] [12960.2 1250 -570 1] ",
        "cam02": "[0.965926 -0.258819 0 0] [0.258819 0.965926 -0 0] [0 0 1 0] [12930.2 1177.65 -570 1] ",
        "cam03": "[1 0 0 0] [-0 1 0 0] [0 -0 1 0] [12920 1100 -570 1] ",
        "cam04": "[0.965926 0.258819 0 0] [-0.258819 0.965926 0 0] [0 -0 1 0] [12930.2 1022.35 -570 1] ",
        "cam05": "[0.866025 0.5 0 0] [-0.5 0.866025 0 0] [0 -0 1 0] [12960.2 950 -570 1] ",
        "cam06": "[0.984808 0 -0.173648 0] [-0 1 0 0] [0.173648 0 0.984808 0] [12920 1100 -517.102 1] ",
        "cam07": "[0.939693 0 -0.34202 0] [-0 1 0 0] [0.34202 0 0.939693 0] [12920 1100 -460.809 1] ",
        "cam08": "[0.866025 0 -0.5 0] [-0 1 0 0] [0.5 0 0.866025 0] [12920 1100 -396.795 1] ",
        "cam09": "[1 0 0 0] [-0 1 0 0] [0 -0 1 0] [12820 1100 -570 1] ",
        "cam10": "[1 0 0 0] [-0 1 0 0] [0 -0 1 0] [12720 1100 -570 1] "
    },
    "frame17": {
        "cam01": "[0.866025 -0.5 0 0] [0.5 0.866025 -0 0] [0 0 1 0] [12960.2 1250 -570 1] ",
        "cam02": "[0.965926 -0.258819 0 0] [0.258819 0.965926 -0 0] [0 0 1 0] [12930.2 1177.65 -570 1] ",
        "cam03": "[1 0 0 0] [-0 1 0 0] [0 -0 1 0] [12920 1100 -570 1] ",
        "cam04": "[0.965926 0.258819 0 0] [-0.258819 0.965926 0 0] [0 -0 1 0] [12930.2 1022.35 -570 1] ",
        "cam05": "[0.866025 0.5 0 0] [-0.5 0.866025 0 0] [0 -0 1 0] [12960.2 950 -570 1] ",
        "cam06": "[0.984808 0 -0.173648 0] [-0 1 0 0] [0.173648 0 0.984808 0] [12920 1100 -517.102 1] ",
        "cam07": "[0.939693 0 -0.34202 0] [-0 1 0 0] [0.34202 0 0.939693 0] [12920 1100 -460.809 1] ",
        "cam08": "[0.866025 0 -0.5 0] [-0 1 0 0] [0.5 0 0.866025 0] [12920 1100 -396.795 1] ",
        "cam09": "[1 0 0 0] [-0 1 0 0] [0 -0 1 0] [12820 1100 -570 1] ",
        "cam10": "[1 0 0 0] [-0 1 0 0] [0 -0 1 0] [12720 1100 -570 1] "
    },
    "frame18": {
        "cam01": "[0.866025 -0.5 0 0] [0.5 0.866025 -0 0] [0 0 1 0] [12960.2 1250 -570 1] ",
        "cam02": "[0.965926 -0.258819 0 0] [0.258819 0.965926 -0 0] [0 0 1 0] [12930.2 1177.65 -570 1] ",
        "cam03": "[1 0 0 0] [-0 1 0 0] [0 -0 1 0] [12920 1100 -570 1] ",
        "cam04": "[0.965926 0.258819 0 0] [-0.258819 0.965926 0 0] [0 -0 1 0] [12930.2 1022.35 -570 1] ",
        "cam05": "[0.866025 0.5 0 0] [-0.5 0.866025 0 0] [0 -0 1 0] [12960.2 950 -570 1] ",
        "cam06": "[0.984808 0 -0.173648 0] [-0 1 0 0] [0.173648 0 0.984808 0] [12920 1100 -517.102 1] ",
        "cam07": "[0.939693 0 -0.34202 0] [-0 1 0 0] [0.34202 0 0.939693 0] [12920 1100 -460.809 1] ",
        "cam08": "[0.866025 0 -0.5 0] [-0 1 0 0] [0.5 0 0.866025 0] [12920 1100 -396.795 1] ",
        "cam09": "[1 0 0 0] [-0 1 0 0] [0 -0 1 0] [12820 1100 -570 1] ",
        "cam10": "[1 0 0 0] [-0 1 0 0] [0 -0 1 0] [12720 1100 -570 1] "
    },
    "frame19": {
        "cam01": "[0.866025 -0.5 0 0] [0.5 0.866025 -0 0] [0 0 1 0] [12960.2 1250 -570 1] ",
        "cam02": "[0.965926 -0.258819 0 0] [0.258819 0.965926 -0 0] [0 0 1 0] [12930.2 1177.65 -570 1] ",
        "cam03": "[1 0 0 0] [-0 1 0 0] [0 -0 1 0] [12920 1100 -570 1] ",
        "cam04": "[0.965926 0.258819 0 0] [-0.258819 0.965926 0 0] [0 -0 1 0] [12930.2 1022.35 -570 1] ",
        "cam05": "[0.866025 0.5 0 0] [-0.5 0.866025 0 0] [0 -0 1 0] [12960.2 950 -570 1] ",
        "cam06": "[0.984808 0 -0.173648 0] [-0 1 0 0] [0.173648 0 0.984808 0] [12920 1100 -517.102 1] ",
        "cam07": "[0.939693 0 -0.34202 0] [-0 1 0 0] [0.34202 0 0.939693 0] [12920 1100 -460.809 1] ",
        "cam08": "[0.866025 0 -0.5 0] [-0 1 0 0] [0.5 0 0.866025 0] [12920 1100 -396.795 1] ",
        "cam09": "[1 0 0 0] [-0 1 0 0] [0 -0 1 0] [12820 1100 -570 1] ",
        "cam10": "[1 0 0 0] [-0 1 0 0] [0 -0 1 0] [12720 1100 -570 1] "
    },
    "frame20": {
        "cam01": "[0.866025 -0.5 0 0] [0.5 0.866025 -0 0] [0 0 1 0] [12960.2 1250 -570 1] ",
        "cam02": "[0.965926 -0.258819 0 0] [0.258819 0.965926 -0 0] [0 0 1 0] [12930.2 1177.65 -570 1] ",
        "cam03": "[1 0 0 0] [-0 1 0 0] [0 -0 1 0] [12920 1100 -570 1] ",
        "cam04": "[0.965926 0.258819 0 0] [-0.258819 0.965926 0 0] [0 -0 1 0] [12930.2 1022.35 -570 1] ",
        "cam05": "[0.866025 0.5 0 0] [-0.5 0.866025 0 0] [0 -0 1 0] [12960.2 950 -570 1] ",
        "cam06": "[0.984808 0 -0.173648 0] [-0 1 0 0] [0.173648 0 0.984808 0] [12920 1100 -517.102 1] ",
        "cam07": "[0.939693 0 -0.34202 0] [-0 1 0 0] [0.34202 0 0.939693 0] [12920 1100 -460.809 1] ",
        "cam08": "[0.866025 0 -0.5 0] [-0 1 0 0] [0.5 0 0.866025 0] [12920 1100 -396.795 1] ",
        "cam09": "[1 0 0 0] [-0 1 0 0] [0 -0 1 0] [12820 1100 -570 1] ",
        "cam10": "[1 0 0 0] [-0 1 0 0] [0 -0 1 0] [12720 1100 -570 1] "
    },
    "frame21": {
        "cam01": "[0.866025 -0.5 0 0] [0.5 0.866025 -0 0] [0 0 1 0] [12960.2 1250 -570 1] ",
        "cam02": "[0.965926 -0.258819 0 0] [0.258819 0.965926 -0 0] [0 0 1 0] [12930.2 1177.65 -570 1] ",
        "cam03": "[1 0 0 0] [-0 1 0 0] [0 -0 1 0] [12920 1100 -570 1] ",
        "cam04": "[0.965926 0.258819 0 0] [-0.258819 0.965926 0 0] [0 -0 1 0] [12930.2 1022.35 -570 1] ",
        "cam05": "[0.866025 0.5 0 0] [-0.5 0.866025 0 0] [0 -0 1 0] [12960.2 950 -570 1] ",
        "cam06": "[0.984808 0 -0.173648 0] [-0 1 0 0] [0.173648 0 0.984808 0] [12920 1100 -517.102 1] ",
        "cam07": "[0.939693 0 -0.34202 0] [-0 1 0 0] [0.34202 0 0.939693 0] [12920 1100 -460.809 1] ",
        "cam08": "[0.866025 0 -0.5 0] [-0 1 0 0] [0.5 0 0.866025 0] [12920 1100 -396.795 1] ",
        "cam09": "[1 0 0 0] [-0 1 0 0] [0 -0 1 0] [12820 1100 -570 1] ",
        "cam10": "[1 0 0 0] [-0 1 0 0] [0 -0 1 0] [12720 1100 -570 1] "
    },
    "frame22": {
        "cam01": "[0.866025 -0.5 0 0] [0.5 0.866025 -0 0] [0 0 1 0] [12960.2 1250 -570 1] ",
        "cam02": "[0.965926 -0.258819 0 0] [0.258819 0.965926 -0 0] [0 0 1 0] [12930.2 1177.65 -570 1] ",
        "cam03": "[1 0 0 0] [-0 1 0 0] [0 -0 1 0] [12920 1100 -570 1] ",
        "cam04": "[0.965926 0.258819 0 0] [-0.258819 0.965926 0 0] [0 -0 1 0] [12930.2 1022.35 -570 1] ",
        "cam05": "[0.866025 0.5 0 0] [-0.5 0.866025 0 0] [0 -0 1 0] [12960.2 950 -570 1] ",
        "cam06": "[0.984808 0 -0.173648 0] [-0 1 0 0] [0.173648 0 0.984808 0] [12920 1100 -517.102 1] ",
        "cam07": "[0.939693 0 -0.34202 0] [-0 1 0 0] [0.34202 0 0.939693 0] [12920 1100 -460.809 1] ",
        "cam08": "[0.866025 0 -0.5 0] [-0 1 0 0] [0.5 0 0.866025 0] [12920 1100 -396.795 1] ",
        "cam09": "[1 0 0 0] [-0 1 0 0] [0 -0 1 0] [12820 1100 -570 1] ",
        "cam10": "[1 0 0 0] [-0 1 0 0] [0 -0 1 0] [12720 1100 -570 1] "
    },
    "frame23": {
        "cam01": "[0.866025 -0.5 0 0] [0.5 0.866025 -0 0] [0 0 1 0] [12960.2 1250 -570 1] ",
        "cam02": "[0.965926 -0.258819 0 0] [0.258819 0.965926 -0 0] [0 0 1 0] [12930.2 1177.65 -570 1] ",
        "cam03": "[1 0 0 0] [-0 1 0 0] [0 -0 1 0] [12920 1100 -570 1] ",
        "cam04": "[0.965926 0.258819 0 0] [-0.258819 0.965926 0 0] [0 -0 1 0] [12930.2 1022.35 -570 1] ",
        "cam05": "[0.866025 0.5 0 0] [-0.5 0.866025 0 0] [0 -0 1 0] [12960.2 950 -570 1] ",
        "cam06": "[0.984808 0 -0.173648 0] [-0 1 0 0] [0.173648 0 0.984808 0] [12920 1100 -517.102 1] ",
        "cam07": "[0.939693 0 -0.34202 0] [-0 1 0 0] [0.34202 0 0.939693 0] [12920 1100 -460.809 1] ",
        "cam08": "[0.866025 0 -0.5 0] [-0 1 0 0] [0.5 0 0.866025 0] [12920 1100 -396.795 1] ",
        "cam09": "[1 0 0 0] [-0 1 0 0] [0 -0 1 0] [12820 1100 -570 1] ",
        "cam10": "[1 0 0 0] [-0 1 0 0] [0 -0 1 0] [12720 1100 -570 1] "
    },
    "frame24": {
        "cam01": "[0.866025 -0.5 0 0] [0.5 0.866025 -0 0] [0 0 1 0] [12960.2 1250 -570 1] ",
        "cam02": "[0.965926 -0.258819 0 0] [0.258819 0.965926 -0 0] [0 0 1 0] [12930.2 1177.65 -570 1] ",
        "cam03": "[1 0 0 0] [-0 1 0 0] [0 -0 1 0] [12920 1100 -570 1] ",
        "cam04": "[0.965926 0.258819 0 0] [-0.258819 0.965926 0 0] [0 -0 1 0] [12930.2 1022.35 -570 1] ",
        "cam05": "[0.866025 0.5 0 0] [-0.5 0.866025 0 0] [0 -0 1 0] [12960.2 950 -570 1] ",
        "cam06": "[0.984808 0 -0.173648 0] [-0 1 0 0] [0.173648 0 0.984808 0] [12920 1100 -517.102 1] ",
        "cam07": "[0.939693 0 -0.34202 0] [-0 1 0 0] [0.34202 0 0.939693 0] [12920 1100 -460.809 1] ",
        "cam08": "[0.866025 0 -0.5 0] [-0 1 0 0] [0.5 0 0.866025 0] [12920 1100 -396.795 1] ",
        "cam09": "[1 0 0 0] [-0 1 0 0] [0 -0 1 0] [12820 1100 -570 1] ",
        "cam10": "[1 0 0 0] [-0 1 0 0] [0 -0 1 0] [12720 1100 -570 1] "
    },
    "frame25": {
        "cam01": "[0.866025 -0.5 0 0] [0.5 0.866025 -0 0] [0 0 1 0] [12960.2 1250 -570 1] ",
        "cam02": "[0.965926 -0.258819 0 0] [0.258819 0.965926 -0 0] [0 0 1 0] [12930.2 1177.65 -570 1] ",
        "cam03": "[1 0 0 0] [-0 1 0 0] [0 -0 1 0] [12920 1100 -570 1] ",
        "cam04": "[0.965926 0.258819 0 0] [-0.258819 0.965926 0 0] [0 -0 1 0] [12930.2 1022.35 -570 1] ",
        "cam05": "[0.866025 0.5 0 0] [-0.5 0.866025 0 0] [0 -0 1 0] [12960.2 950 -570 1] ",
        "cam06": "[0.984808 0 -0.173648 0] [-0 1 0 0] [0.173648 0 0.984808 0] [12920 1100 -517.102 1] ",
        "cam07": "[0.939693 0 -0.34202 0] [-0 1 0 0] [0.34202 0 0.939693 0] [12920 1100 -460.809 1] ",
        "cam08": "[0.866025 0 -0.5 0] [-0 1 0 0] [0.5 0 0.866025 0] [12920 1100 -396.795 1] ",
        "cam09": "[1 0 0 0] [-0 1 0 0] [0 -0 1 0] [12820 1100 -570 1] ",
        "cam10": "[1 0 0 0] [-0 1 0 0] [0 -0 1 0] [12720 1100 -570 1] "
    },
    "frame26": {
        "cam01": "[0.866025 -0.5 0 0] [0.5 0.866025 -0 0] [0 0 1 0] [12960.2 1250 -570 1] ",
        "cam02": "[0.965926 -0.258819 0 0] [0.258819 0.965926 -0 0] [0 0 1 0] [12930.2 1177.65 -570 1] ",
        "cam03": "[1 0 0 0] [-0 1 0 0] [0 -0 1 0] [12920 1100 -570 1] ",
        "cam04": "[0.965926 0.258819 0 0] [-0.258819 0.965926 0 0] [0 -0 1 0] [12930.2 1022.35 -570 1] ",
        "cam05": "[0.866025 0.5 0 0] [-0.5 0.866025 0 0] [0 -0 1 0] [12960.2 950 -570 1] ",
        "cam06": "[0.984808 0 -0.173648 0] [-0 1 0 0] [0.173648 0 0.984808 0] [12920 1100 -517.102 1] ",
        "cam07": "[0.939693 0 -0.34202 0] [-0 1 0 0] [0.34202 0 0.939693 0] [12920 1100 -460.809 1] ",
        "cam08": "[0.866025 0 -0.5 0] [-0 1 0 0] [0.5 0 0.866025 0] [12920 1100 -396.795 1] ",
        "cam09": "[1 0 0 0] [-0 1 0 0] [0 -0 1 0] [12820 1100 -570 1] ",
        "cam10": "[1 0 0 0] [-0 1 0 0] [0 -0 1 0] [12720 1100 -570 1] "
    },
    "frame27": {
        "cam01": "[0.866025 -0.5 0 0] [0.5 0.866025 -0 0] [0 0 1 0] [12960.2 1250 -570 1] ",
        "cam02": "[0.965926 -0.258819 0 0] [0.258819 0.965926 -0 0] [0 0 1 0] [12930.2 1177.65 -570 1] ",
        "cam03": "[1 0 0 0] [-0 1 0 0] [0 -0 1 0] [12920 1100 -570 1] ",
        "cam04": "[0.965926 0.258819 0 0] [-0.258819 0.965926 0 0] [0 -0 1 0] [12930.2 1022.35 -570 1] ",
        "cam05": "[0.866025 0.5 0 0] [-0.5 0.866025 0 0] [0 -0 1 0] [12960.2 950 -570 1] ",
        "cam06": "[0.984808 0 -0.173648 0] [-0 1 0 0] [0.173648 0 0.984808 0] [12920 1100 -517.102 1] ",
        "cam07": "[0.939693 0 -0.34202 0] [-0 1 0 0] [0.34202 0 0.939693 0] [12920 1100 -460.809 1] ",
        "cam08": "[0.866025 0 -0.5 0] [-0 1 0 0] [0.5 0 0.866025 0] [12920 1100 -396.795 1] ",
        "cam09": "[1 0 0 0] [-0 1 0 0] [0 -0 1 0] [12820 1100 -570 1] ",
        "cam10": "[1 0 0 0] [-0 1 0 0] [0 -0 1 0] [12720 1100 -570 1] "
    },
    "frame28": {
        "cam01": "[0.866025 -0.5 0 0] [0.5 0.866025 -0 0] [0 0 1 0] [12960.2 1250 -570 1] ",
        "cam02": "[0.965926 -0.258819 0 0] [0.258819 0.965926 -0 0] [0 0 1 0] [12930.2 1177.65 -570 1] ",
        "cam03": "[1 0 0 0] [-0 1 0 0] [0 -0 1 0] [12920 1100 -570 1] ",
        "cam04": "[0.965926 0.258819 0 0] [-0.258819 0.965926 0 0] [0 -0 1 0] [12930.2 1022.35 -570 1] ",
        "cam05": "[0.866025 0.5 0 0] [-0.5 0.866025 0 0] [0 -0 1 0] [12960.2 950 -570 1] ",
        "cam06": "[0.984808 0 -0.173648 0] [-0 1 0 0] [0.173648 0 0.984808 0] [12920 1100 -517.102 1] ",
        "cam07": "[0.939693 0 -0.34202 0] [-0 1 0 0] [0.34202 0 0.939693 0] [12920 1100 -460.809 1] ",
        "cam08": "[0.866025 0 -0.5 0] [-0 1 0 0] [0.5 0 0.866025 0] [12920 1100 -396.795 1] ",
        "cam09": "[1 0 0 0] [-0 1 0 0] [0 -0 1 0] [12820 1100 -570 1] ",
        "cam10": "[1 0 0 0] [-0 1 0 0] [0 -0 1 0] [12720 1100 -570 1] "
    },
    "frame29": {
        "cam01": "[0.866025 -0.5 0 0] [0.5 0.866025 -0 0] [0 0 1 0] [12960.2 1250 -570 1] ",
        "cam02": "[0.965926 -0.258819 0 0] [0.258819 0.965926 -0 0] [0 0 1 0] [12930.2 1177.65 -570 1] ",
        "cam03": "[1 0 0 0] [-0 1 0 0] [0 -0 1 0] [12920 1100 -570 1] ",
        "cam04": "[0.965926 0.258819 0 0] [-0.258819 0.965926 0 0] [0 -0 1 0] [12930.2 1022.35 -570 1] ",
        "cam05": "[0.866025 0.5 0 0] [-0.5 0.866025 0 0] [0 -0 1 0] [12960.2 950 -570 1] ",
        "cam06": "[0.984808 0 -0.173648 0] [-0 1 0 0] [0.173648 0 0.984808 0] [12920 1100 -517.102 1] ",
        "cam07": "[0.939693 0 -0.34202 0] [-0 1 0 0] [0.34202 0 0.939693 0] [12920 1100 -460.809 1] ",
        "cam08": "[0.866025 0 -0.5 0] [-0 1 0 0] [0.5 0 0.866025 0] [12920 1100 -396.795 1] ",
        "cam09": "[1 0 0 0] [-0 1 0 0] [0 -0 1 0] [12820 1100 -570 1] ",
        "cam10": "[1 0 0 0] [-0 1 0 0] [0 -0 1 0] [12720 1100 -570 1] "
    },
    "frame30": {
        "cam01": "[0.866025 -0.5 0 0] [0.5 0.866025 -0 0] [0 0 1 0] [12960.2 1250 -570 1] ",
        "cam02": "[0.965926 -0.258819 0 0] [0.258819 0.965926 -0 0] [0 0 1 0] [12930.2 1177.65 -570 1] ",
        "cam03": "[1 0 0 0] [-0 1 0 0] [0 -0 1 0] [12920 1100 -570 1] ",
        "cam04": "[0.965926 0.258819 0 0] [-0.258819 0.965926 0 0] [0 -0 1 0] [12930.2 1022.35 -570 1] ",
        "cam05": "[0.866025 0.5 0 0] [-0.5 0.866025 0 0] [0 -0 1 0] [12960.2 950 -570 1] ",
        "cam06": "[0.984808 0 -0.173648 0] [-0 1 0 0] [0.173648 0 0.984808 0] [12920 1100 -517.102 1] ",
        "cam07": "[0.939693 0 -0.34202 0] [-0 1 0 0] [0.34202 0 0.939693 0] [12920 1100 -460.809 1] ",
        "cam08": "[0.866025 0 -0.5 0] [-0 1 0 0] [0.5 0 0.866025 0] [12920 1100 -396.795 1] ",
        "cam09": "[1 0 0 0] [-0 1 0 0] [0 -0 1 0] [12820 1100 -570 1] ",
        "cam10": "[1 0 0 0] [-0 1 0 0] [0 -0 1 0] [12720 1100 -570 1] "
    },
    "frame31": {
        "cam01": "[0.866025 -0.5 0 0] [0.5 0.866025 -0 0] [0 0 1 0] [12960.2 1250 -570 1] ",
        "cam02": "[0.965926 -0.258819 0 0] [0.258819 0.965926 -0 0] [0 0 1 0] [12930.2 1177.65 -570 1] ",
        "cam03": "[1 0 0 0] [-0 1 0 0] [0 -0 1 0] [12920 1100 -570 1] ",
        "cam04": "[0.965926 0.258819 0 0] [-0.258819 0.965926 0 0] [0 -0 1 0] [12930.2 1022.35 -570 1] ",
        "cam05": "[0.866025 0.5 0 0] [-0.5 0.866025 0 0] [0 -0 1 0] [12960.2 950 -570 1] ",
        "cam06": "[0.984808 0 -0.173648 0] [-0 1 0 0] [0.173648 0 0.984808 0] [12920 1100 -517.102 1] ",
        "cam07": "[0.939693 0 -0.34202 0] [-0 1 0 0] [0.34202 0 0.939693 0] [12920 1100 -460.809 1] ",
        "cam08": "[0.866025 0 -0.5 0] [-0 1 0 0] [0.5 0 0.866025 0] [12920 1100 -396.795 1] ",
        "cam09": "[1 0 0 0] [-0 1 0 0] [0 -0 1 0] [12820 1100 -570 1] ",
        "cam10": "[1 0 0 0] [-0 1 0 0] [0 -0 1 0] [12720 1100 -570 1] "
    },
    "frame32": {
        "cam01": "[0.866025 -0.5 0 0] [0.5 0.866025 -0 0] [0 0 1 0] [12960.2 1250 -570 1] ",
        "cam02": "[0.965926 -0.258819 0 0] [0.258819 0.965926 -0 0] [0 0 1 0] [12930.2 1177.65 -570 1] ",
        "cam03": "[1 0 0 0] [-0 1 0 0] [0 -0 1 0] [12920 1100 -570 1] ",
        "cam04": "[0.965926 0.258819 0 0] [-0.258819 0.965926 0 0] [0 -0 1 0] [12930.2 1022.35 -570 1] ",
        "cam05": "[0.866025 0.5 0 0] [-0.5 0.866025 0 0] [0 -0 1 0] [12960.2 950 -570 1] ",
        "cam06": "[0.984808 0 -0.173648 0] [-0 1 0 0] [0.173648 0 0.984808 0] [12920 1100 -517.102 1] ",
        "cam07": "[0.939693 0 -0.34202 0] [-0 1 0 0] [0.34202 0 0.939693 0] [12920 1100 -460.809 1] ",
        "cam08": "[0.866025 0 -0.5 0] [-0 1 0 0] [0.5 0 0.866025 0] [12920 1100 -396.795 1] ",
        "cam09": "[1 0 0 0] [-0 1 0 0] [0 -0 1 0] [12820 1100 -570 1] ",
        "cam10": "[1 0 0 0] [-0 1 0 0] [0 -0 1 0] [12720 1100 -570 1] "
    },
    "frame33": {
        "cam01": "[0.866025 -0.5 0 0] [0.5 0.866025 -0 0] [0 0 1 0] [12960.2 1250 -570 1] ",
        "cam02": "[0.965926 -0.258819 0 0] [0.258819 0.965926 -0 0] [0 0 1 0] [12930.2 1177.65 -570 1] ",
        "cam03": "[1 0 0 0] [-0 1 0 0] [0 -0 1 0] [12920 1100 -570 1] ",
        "cam04": "[0.965926 0.258819 0 0] [-0.258819 0.965926 0 0] [0 -0 1 0] [12930.2 1022.35 -570 1] ",
        "cam05": "[0.866025 0.5 0 0] [-0.5 0.866025 0 0] [0 -0 1 0] [12960.2 950 -570 1] ",
        "cam06": "[0.984808 0 -0.173648 0] [-0 1 0 0] [0.173648 0 0.984808 0] [12920 1100 -517.102 1] ",
        "cam07": "[0.939693 0 -0.34202 0] [-0 1 0 0] [0.34202 0 0.939693 0] [12920 1100 -460.809 1] ",
        "cam08": "[0.866025 0 -0.5 0] [-0 1 0 0] [0.5 0 0.866025 0] [12920 1100 -396.795 1] ",
        "cam09": "[1 0 0 0] [-0 1 0 0] [0 -0 1 0] [12820 1100 -570 1] ",
        "cam10": "[1 0 0 0] [-0 1 0 0] [0 -0 1 0] [12720 1100 -570 1] "
    },
    "frame34": {
        "cam01": "[0.866025 -0.5 0 0] [0.5 0.866025 -0 0] [0 0 1 0] [12960.2 1250 -570 1] ",
        "cam02": "[0.965926 -0.258819 0 0] [0.258819 0.965926 -0 0] [0 0 1 0] [12930.2 1177.65 -570 1] ",
        "cam03": "[1 0 0 0] [-0 1 0 0] [0 -0 1 0] [12920 1100 -570 1] ",
        "cam04": "[0.965926 0.258819 0 0] [-0.258819 0.965926 0 0] [0 -0 1 0] [12930.2 1022.35 -570 1] ",
        "cam05": "[0.866025 0.5 0 0] [-0.5 0.866025 0 0] [0 -0 1 0] [12960.2 950 -570 1] ",
        "cam06": "[0.984808 0 -0.173648 0] [-0 1 0 0] [0.173648 0 0.984808 0] [12920 1100 -517.102 1] ",
        "cam07": "[0.939693 0 -0.34202 0] [-0 1 0 0] [0.34202 0 0.939693 0] [12920 1100 -460.809 1] ",
        "cam08": "[0.866025 0 -0.5 0] [-0 1 0 0] [0.5 0 0.866025 0] [12920 1100 -396.795 1] ",
        "cam09": "[1 0 0 0] [-0 1 0 0] [0 -0 1 0] [12820 1100 -570 1] ",
        "cam10": "[1 0 0 0] [-0 1 0 0] [0 -0 1 0] [12720 1100 -570 1] "
    },
    "frame35": {
        "cam01": "[0.866025 -0.5 0 0] [0.5 0.866025 -0 0] [0 0 1 0] [12960.2 1250 -570 1] ",
        "cam02": "[0.965926 -0.258819 0 0] [0.258819 0.965926 -0 0] [0 0 1 0] [12930.2 1177.65 -570 1] ",
        "cam03": "[1 0 0 0] [-0 1 0 0] [0 -0 1 0] [12920 1100 -570 1] ",
        "cam04": "[0.965926 0.258819 0 0] [-0.258819 0.965926 0 0] [0 -0 1 0] [12930.2 1022.35 -570 1] ",
        "cam05": "[0.866025 0.5 0 0] [-0.5 0.866025 0 0] [0 -0 1 0] [12960.2 950 -570 1] ",
        "cam06": "[0.984808 0 -0.173648 0] [-0 1 0 0] [0.173648 0 0.984808 0] [12920 1100 -517.102 1] ",
        "cam07": "[0.939693 0 -0.34202 0] [-0 1 0 0] [0.34202 0 0.939693 0] [12920 1100 -460.809 1] ",
        "cam08": "[0.866025 0 -0.5 0] [-0 1 0 0] [0.5 0 0.866025 0] [12920 1100 -396.795 1] ",
        "cam09": "[1 0 0 0] [-0 1 0 0] [0 -0 1 0] [12820 1100 -570 1] ",
        "cam10": "[1 0 0 0] [-0 1 0 0] [0 -0 1 0] [12720 1100 -570 1] "
    },
    "frame36": {
        "cam01": "[0.866025 -0.5 0 0] [0.5 0.866025 -0 0] [0 0 1 0] [12960.2 1250 -570 1] ",
        "cam02": "[0.965926 -0.258819 0 0] [0.258819 0.965926 -0 0] [0 0 1 0] [12930.2 1177.65 -570 1] ",
        "cam03": "[1 0 0 0] [-0 1 0 0] [0 -0 1 0] [12920 1100 -570 1] ",
        "cam04": "[0.965926 0.258819 0 0] [-0.258819 0.965926 0 0] [0 -0 1 0] [12930.2 1022.35 -570 1] ",
        "cam05": "[0.866025 0.5 0 0] [-0.5 0.866025 0 0] [0 -0 1 0] [12960.2 950 -570 1] ",
        "cam06": "[0.984808 0 -0.173648 0] [-0 1 0 0] [0.173648 0 0.984808 0] [12920 1100 -517.102 1] ",
        "cam07": "[0.939693 0 -0.34202 0] [-0 1 0 0] [0.34202 0 0.939693 0] [12920 1100 -460.809 1] ",
        "cam08": "[0.866025 0 -0.5 0] [-0 1 0 0] [0.5 0 0.866025 0] [12920 1100 -396.795 1] ",
        "cam09": "[1 0 0 0] [-0 1 0 0] [0 -0 1 0] [12820 1100 -570 1] ",
        "cam10": "[1 0 0 0] [-0 1 0 0] [0 -0 1 0] [12720 1100 -570 1] "
    },
    "frame37": {
        "cam01": "[0.866025 -0.5 0 0] [0.5 0.866025 -0 0] [0 0 1 0] [12960.2 1250 -570 1] ",
        "cam02": "[0.965926 -0.258819 0 0] [0.258819 0.965926 -0 0] [0 0 1 0] [12930.2 1177.65 -570 1] ",
        "cam03": "[1 0 0 0] [-0 1 0 0] [0 -0 1 0] [12920 1100 -570 1] ",
        "cam04": "[0.965926 0.258819 0 0] [-0.258819 0.965926 0 0] [0 -0 1 0] [12930.2 1022.35 -570 1] ",
        "cam05": "[0.866025 0.5 0 0] [-0.5 0.866025 0 0] [0 -0 1 0] [12960.2 950 -570 1] ",
        "cam06": "[0.984808 0 -0.173648 0] [-0 1 0 0] [0.173648 0 0.984808 0] [12920 1100 -517.102 1] ",
        "cam07": "[0.939693 0 -0.34202 0] [-0 1 0 0] [0.34202 0 0.939693 0] [12920 1100 -460.809 1] ",
        "cam08": "[0.866025 0 -0.5 0] [-0 1 0 0] [0.5 0 0.866025 0] [12920 1100 -396.795 1] ",
        "cam09": "[1 0 0 0] [-0 1 0 0] [0 -0 1 0] [12820 1100 -570 1] ",
        "cam10": "[1 0 0 0] [-0 1 0 0] [0 -0 1 0] [12720 1100 -570 1] "
    },
    "frame38": {
        "cam01": "[0.866025 -0.5 0 0] [0.5 0.866025 -0 0] [0 0 1 0] [12960.2 1250 -570 1] ",
        "cam02": "[0.965926 -0.258819 0 0] [0.258819 0.965926 -0 0] [0 0 1 0] [12930.2 1177.65 -570 1] ",
        "cam03": "[1 0 0 0] [-0 1 0 0] [0 -0 1 0] [12920 1100 -570 1] ",
        "cam04": "[0.965926 0.258819 0 0] [-0.258819 0.965926 0 0] [0 -0 1 0] [12930.2 1022.35 -570 1] ",
        "cam05": "[0.866025 0.5 0 0] [-0.5 0.866025 0 0] [0 -0 1 0] [12960.2 950 -570 1] ",
        "cam06": "[0.984808 0 -0.173648 0] [-0 1 0 0] [0.173648 0 0.984808 0] [12920 1100 -517.102 1] ",
        "cam07": "[0.939693 0 -0.34202 0] [-0 1 0 0] [0.34202 0 0.939693 0] [12920 1100 -460.809 1] ",
        "cam08": "[0.866025 0 -0.5 0] [-0 1 0 0] [0.5 0 0.866025 0] [12920 1100 -396.795 1] ",
        "cam09": "[1 0 0 0] [-0 1 0 0] [0 -0 1 0] [12820 1100 -570 1] ",
        "cam10": "[1 0 0 0] [-0 1 0 0] [0 -0 1 0] [12720 1100 -570 1] "
    },
    "frame39": {
        "cam01": "[0.866025 -0.5 0 0] [0.5 0.866025 -0 0] [0 0 1 0] [12960.2 1250 -570 1] ",
        "cam02": "[0.965926 -0.258819 0 0] [0.258819 0.965926 -0 0] [0 0 1 0] [12930.2 1177.65 -570 1] ",
        "cam03": "[1 0 0 0] [-0 1 0 0] [0 -0 1 0] [12920 1100 -570 1] ",
        "cam04": "[0.965926 0.258819 0 0] [-0.258819 0.965926 0 0] [0 -0 1 0] [12930.2 1022.35 -570 1] ",
        "cam05": "[0.866025 0.5 0 0] [-0.5 0.866025 0 0] [0 -0 1 0] [12960.2 950 -570 1] ",
        "cam06": "[0.984808 0 -0.173648 0] [-0 1 0 0] [0.173648 0 0.984808 0] [12920 1100 -517.102 1] ",
        "cam07": "[0.939693 0 -0.34202 0] [-0 1 0 0] [0.34202 0 0.939693 0] [12920 1100 -460.809 1] ",
        "cam08": "[0.866025 0 -0.5 0] [-0 1 0 0] [0.5 0 0.866025 0] [12920 1100 -396.795 1] ",
        "cam09": "[1 0 0 0] [-0 1 0 0] [0 -0 1 0] [12820 1100 -570 1] ",
        "cam10": "[1 0 0 0] [-0 1 0 0] [0 -0 1 0] [12720 1100 -570 1] "
    },
    "frame40": {
        "cam01": "[0.866025 -0.5 0 0] [0.5 0.866025 -0 0] [0 0 1 0] [12960.2 1250 -570 1] ",
        "cam02": "[0.965926 -0.258819 0 0] [0.258819 0.965926 -0 0] [0 0 1 0] [12930.2 1177.65 -570 1] ",
        "cam03": "[1 0 0 0] [-0 1 0 0] [0 -0 1 0] [12920 1100 -570 1] ",
        "cam04": "[0.965926 0.258819 0 0] [-0.258819 0.965926 0 0] [0 -0 1 0] [12930.2 1022.35 -570 1] ",
        "cam05": "[0.866025 0.5 0 0] [-0.5 0.866025 0 0] [0 -0 1 0] [12960.2 950 -570 1] ",
        "cam06": "[0.984808 0 -0.173648 0] [-0 1 0 0] [0.173648 0 0.984808 0] [12920 1100 -517.102 1] ",
        "cam07": "[0.939693 0 -0.34202 0] [-0 1 0 0] [0.34202 0 0.939693 0] [12920 1100 -460.809 1] ",
        "cam08": "[0.866025 0 -0.5 0] [-0 1 0 0] [0.5 0 0.866025 0] [12920 1100 -396.795 1] ",
        "cam09": "[1 0 0 0] [-0 1 0 0] [0 -0 1 0] [12820 1100 -570 1] ",
        "cam10": "[1 0 0 0] [-0 1 0 0] [0 -0 1 0] [12720 1100 -570 1] "
    },
    "frame41": {
        "cam01": "[0.866025 -0.5 0 0] [0.5 0.866025 -0 0] [0 0 1 0] [12960.2 1250 -570 1] ",
        "cam02": "[0.965926 -0.258819 0 0] [0.258819 0.965926 -0 0] [0 0 1 0] [12930.2 1177.65 -570 1] ",
        "cam03": "[1 0 0 0] [-0 1 0 0] [0 -0 1 0] [12920 1100 -570 1] ",
        "cam04": "[0.965926 0.258819 0 0] [-0.258819 0.965926 0 0] [0 -0 1 0] [12930.2 1022.35 -570 1] ",
        "cam05": "[0.866025 0.5 0 0] [-0.5 0.866025 0 0] [0 -0 1 0] [12960.2 950 -570 1] ",
        "cam06": "[0.984808 0 -0.173648 0] [-0 1 0 0] [0.173648 0 0.984808 0] [12920 1100 -517.102 1] ",
        "cam07": "[0.939693 0 -0.34202 0] [-0 1 0 0] [0.34202 0 0.939693 0] [12920 1100 -460.809 1] ",
        "cam08": "[0.866025 0 -0.5 0] [-0 1 0 0] [0.5 0 0.866025 0] [12920 1100 -396.795 1] ",
        "cam09": "[1 0 0 0] [-0 1 0 0] [0 -0 1 0] [12820 1100 -570 1] ",
        "cam10": "[1 0 0 0] [-0 1 0 0] [0 -0 1 0] [12720 1100 -570 1] "
    },
    "frame42": {
        "cam01": "[0.866025 -0.5 0 0] [0.5 0.866025 -0 0] [0 0 1 0] [12960.2 1250 -570 1] ",
        "cam02": "[0.965926 -0.258819 0 0] [0.258819 0.965926 -0 0] [0 0 1 0] [12930.2 1177.65 -570 1] ",
        "cam03": "[1 0 0 0] [-0 1 0 0] [0 -0 1 0] [12920 1100 -570 1] ",
        "cam04": "[0.965926 0.258819 0 0] [-0.258819 0.965926 0 0] [0 -0 1 0] [12930.2 1022.35 -570 1] ",
